Arquitectura: 1 10 12 1
Funciones: 2 3 1
alpha: .003
epochmax: 43200;
validation_iter: 75;
numval: 7;
error_epoch_validation: .000000000001
configuracion: 80-10-10

Early stopping en la época:  1650
Error de aprendizaje = 0.000617
Error de validación = 0.291840
Error de prueba = -0.041571
