
num_data =

   701


training_num =

   491


test_num =

   105


validation_num =

   105


a1 =

  Columns 1 through 20

     2     9    16    23    30    37    44    51    58    65    72    79    86    93   100   107   114   121   128   135

  Columns 21 through 40

   142   149   156   163   170   177   184   191   198   205   212   219   226   233   240   247   254   261   268   275

  Columns 41 through 60

   282   289   296   303   310   317   324   331   338   345   352   359   366   373   380   387   394   401   408   415

  Columns 61 through 80

   422   429   436   443   450   457   464   471   478   485   492   499   506   513   520   527   534   541   548   555

  Columns 81 through 100

   562   569   576   583   590   597   604   611   618   625   632   639   646   653   660   667   674   681   688   695


a2 =

  Columns 1 through 20

     3    10    17    24    31    38    45    52    59    66    73    80    87    94   101   108   115   122   129   136

  Columns 21 through 40

   143   150   157   164   171   178   185   192   199   206   213   220   227   234   241   248   255   262   269   276

  Columns 41 through 60

   283   290   297   304   311   318   325   332   339   346   353   360   367   374   381   388   395   402   409   416

  Columns 61 through 80

   423   430   437   444   451   458   465   472   479   486   493   500   507   514   521   528   535   542   549   556

  Columns 81 through 100

   563   570   577   584   591   598   605   612   619   626   633   640   647   654   661   668   675   682   689   696

  Columns 101 through 105

   700   700   700   700   700


a3 =

  Columns 1 through 20

     1     4     5     6     7     8    11    12    13    14    15    18    19    20    21    22    25    26    27    28

  Columns 21 through 40

    29    32    33    34    35    36    39    40    41    42    43    46    47    48    49    50    53    54    55    56

  Columns 41 through 60

    57    60    61    62    63    64    67    68    69    70    71    74    75    76    77    78    81    82    83    84

  Columns 61 through 80

    85    88    89    90    91    92    95    96    97    98    99   102   103   104   105   106   109   110   111   112

  Columns 81 through 100

   113   116   117   118   119   120   123   124   125   126   127   130   131   132   133   134   137   138   139   140

  Columns 101 through 120

   141   144   145   146   147   148   151   152   153   154   155   158   159   160   161   162   165   166   167   168

  Columns 121 through 140

   169   172   173   174   175   176   179   180   181   182   183   186   187   188   189   190   193   194   195   196

  Columns 141 through 160

   197   200   201   202   203   204   207   208   209   210   211   214   215   216   217   218   221   222   223   224

  Columns 161 through 180

   225   228   229   230   231   232   235   236   237   238   239   242   243   244   245   246   249   250   251   252

  Columns 181 through 200

   253   256   257   258   259   260   263   264   265   266   267   270   271   272   273   274   277   278   279   280

  Columns 201 through 220

   281   284   285   286   287   288   291   292   293   294   295   298   299   300   301   302   305   306   307   308

  Columns 221 through 240

   309   312   313   314   315   316   319   320   321   322   323   326   327   328   329   330   333   334   335   336

  Columns 241 through 260

   337   340   341   342   343   344   347   348   349   350   351   354   355   356   357   358   361   362   363   364

  Columns 261 through 280

   365   368   369   370   371   372   375   376   377   378   379   382   383   384   385   386   389   390   391   392

  Columns 281 through 300

   393   396   397   398   399   400   403   404   405   406   407   410   411   412   413   414   417   418   419   420

  Columns 301 through 320

   421   424   425   426   427   428   431   432   433   434   435   438   439   440   441   442   445   446   447   448

  Columns 321 through 340

   449   452   453   454   455   456   459   460   461   462   463   466   467   468   469   470   473   474   475   476

  Columns 341 through 360

   477   480   481   482   483   484   487   488   489   490   491   494   495   496   497   498   501   502   503   504

  Columns 361 through 380

   505   508   509   510   511   512   515   516   517   518   519   522   523   524   525   526   529   530   531   532

  Columns 381 through 400

   533   536   537   538   539   540   543   544   545   546   547   550   551   552   553   554   557   558   559   560

  Columns 401 through 420

   561   564   565   566   567   568   571   572   573   574   575   578   579   580   581   582   585   586   587   588

  Columns 421 through 440

   589   592   593   594   595   596   599   600   601   602   603   606   607   608   609   610   613   614   615   616

  Columns 441 through 460

   617   620   621   622   623   624   627   628   629   630   631   634   635   636   637   638   641   642   643   644

  Columns 461 through 480

   645   648   649   650   651   652   655   656   657   658   659   662   663   664   665   666   669   670   671   672

